1
2
8
11
4
1
1
1
49
1
1
2
3
1
2
1
1
1
1
1
1
1
4
2
6
1
1
1
1
3
1
1
2
1
1
1
1
1
1
4
1
13
1
1
1
1
2
1
1
4
1
1
6
1
4
1
1
5
3
1
17
1
12
1
1
1
1
17
1
1
1
1
1
2
1
12
1
1
1
1
1
5
13
1
1
1
1
47
4
1
3
1
1
1
1
56
8
12
4
1
1
1
1
68
2
1
1
1
2
1
1
1
4
1
1
1
16
1
2
1
2
1
2
17
1
4
1
1
1
6
1
1
1
1
1
1
1
1
2
1
5
1
1
9
1
1
1
1
1
1
1
4
1
1
6
1
1
6
28
2
2
1
5
2
14
1
1
8
1
1
1
4
1
1
3
12
3
13
1
1
21
2
2
5
1
29
1
3
1
1
1
1
1
1
1
1
1
3
12
3
10
5
36
1
1
25
1
15
244
4
393
27
1
123
25
5
1
1
4
1
1
26
9
1
3172
3
1
1
1
1
22
1
2
1
26
2
1
1
1
1
12
4
9
1
1
1
316
1
1
2
1
28
1
7
1
2
1
6
1
1
1
1
1
1
2
3
1
4
1
1
1
1
1
7
2
2
1
1
5
1
1
1
2
1
10
1
1
1
18
5
33
21
1
8
533
41
2
1
2
1
2745
10
1
7
8
1
1
5
40
1
3
7
1
1
2
1
1
7
1
10
1
15
1
1
1
1
1
1
10
1
2
1
1
1
1
1
1
78
2
1
1
1
2
459
1444
2
1
1
1
19
1
1
1
1
1
1
1
9
4
1
7
8
1
3
4
1
219
16
88
1
1
2
18
1
2
3
3
1
8
1
1
1
1
8
3
1
1
22
1
1
1
1
23
11
1
12
1
2
22
1
1
2
1
1
3
1
1
1
2
1
5
6
2
1
1
1
1
2
1
6
2
5
1
718
3
4
1
1
1
3
4
1
26
2
1
1
4
7
17
2
4
1
4
1
1
1
1
1
1
2
2
18
1
1
1
1
1
1
3
2
2
1
1
7
1
2
1
1
29
1
1
1
1
1
1
1
1
40
1
1
1
1
1
1
1
1
1
3
1
1
4
2
1
1
3
1
1
1
3
1
3
1
9
1
1
1
303
1
1
3
1
1
1
1
1
3
1
1
3
1
1
1
5
1
1
14
4
1
1
1
1
1
4
1
30
1
1
1
1
1
2
2
1
2
1
1
1
1
1
13
1
2
1
1
2
10
2
28
1
10
1
1
1
1
